00100100000111010011111111111100
00100100000000100000000000000000
00100100000001000000000000000100
00100100000001010000000000000000
00001100000000000000000000001101
00000000000000100001100000100001
00100100000000100000000000000000
00100100000001000000000000001010
00100100000001010000000000000000
00001100000000000000000000001101
00000000011000100001100000100000
00100100000000100000000000001010
00000000000000000000000000001100
00100000000000010000000000000000
00010000001001000000000000010001
00100000000000010000000000000001
00010000001001000000000000010001
00100011101111011111111111110100
10101111101111110000000000001000
10101111101001000000000000000100
10101111101001010000000000000000
00100000100001001111111111111111
00001100000000000000000000001101
00000000010000000010100000100000
00100000100001001111111111111111
00001100000000000000000000001101
00000000010001010001000000100000
10001111101111110000000000001000
10001111101001000000000000000100
10001111101001010000000000000000
00100011101111010000000000001100
00000011111000000000000000001000
00100100000000100000000000000000
00000011111000000000000000001000
00100100000000100000000000000001
00000011111000000000000000001000
